(kicad_pcb (version 20171130) (host pcbnew "(5.0.2-5)-5")

  (general
    (thickness 1.6)
    (drawings 18)
    (tracks 95)
    (zones 0)
    (modules 21)
    (nets 15)
  )

  (page A4)
  (title_block
    (title "tiny modular")
    (date 2019-04-16)
    (company "Oliver Walkhoff")
  )

  (layers
    (0 F.Cu signal)
    (31 B.Cu signal)
    (32 B.Adhes user hide)
    (33 F.Adhes user hide)
    (34 B.Paste user hide)
    (35 F.Paste user hide)
    (36 B.SilkS user hide)
    (37 F.SilkS user)
    (38 B.Mask user)
    (39 F.Mask user)
    (40 Dwgs.User user hide)
    (41 Cmts.User user)
    (42 Eco1.User user)
    (43 Eco2.User user)
    (44 Edge.Cuts user)
    (45 Margin user)
    (46 B.CrtYd user)
    (47 F.CrtYd user)
    (48 B.Fab user hide)
    (49 F.Fab user hide)
  )

  (setup
    (last_trace_width 0.508)
    (trace_clearance 0.508)
    (zone_clearance 0.508)
    (zone_45_only no)
    (trace_min 0.2)
    (segment_width 0.2)
    (edge_width 0.15)
    (via_size 0.8)
    (via_drill 0.4)
    (via_min_size 0.4)
    (via_min_drill 0.3)
    (uvia_size 0.3)
    (uvia_drill 0.1)
    (uvias_allowed no)
    (uvia_min_size 0.2)
    (uvia_min_drill 0.1)
    (pcb_text_width 0.3)
    (pcb_text_size 1.5 1.5)
    (mod_edge_width 0.15)
    (mod_text_size 1 1)
    (mod_text_width 0.15)
    (pad_size 1.19888 2.49936)
    (pad_drill 0)
    (pad_to_mask_clearance 0.051)
    (solder_mask_min_width 0.25)
    (aux_axis_origin 0 0)
    (visible_elements FFFFFF7F)
    (pcbplotparams
      (layerselection 0x010fc_ffffffff)
      (usegerberextensions false)
      (usegerberattributes false)
      (usegerberadvancedattributes false)
      (creategerberjobfile false)
      (excludeedgelayer true)
      (linewidth 0.100000)
      (plotframeref false)
      (viasonmask false)
      (mode 1)
      (useauxorigin false)
      (hpglpennumber 1)
      (hpglpenspeed 20)
      (hpglpendiameter 15.000000)
      (psnegative false)
      (psa4output false)
      (plotreference true)
      (plotvalue true)
      (plotinvisibletext false)
      (padsonsilk false)
      (subtractmaskfromsilk false)
      (outputformat 1)
      (mirror false)
      (drillshape 1)
      (scaleselection 1)
      (outputdirectory ""))
  )

  (net 0 "")
  (net 1 GND)
  (net 2 "Net-(C2-Pad2)")
  (net 3 "Net-(C3-Pad1)")
  (net 4 "Net-(D1-Pad1)")
  (net 5 "Net-(D1-Pad2)")
  (net 6 "Net-(R1-Pad2)")
  (net 7 "Net-(R2-Pad1)")
  (net 8 "Net-(C1-Pad1)")
  (net 9 "Net-(J1-Pad1)")
  (net 10 "Net-(J3-Pad1)")
  (net 11 "Net-(J4-Pad2)")
  (net 12 "Net-(J4-Pad3)")
  (net 13 "Net-(J4-Pad5)")
  (net 14 "Net-(J8-PadT)")

  (net_class Default "This is the default net class."
    (clearance 0.508)
    (trace_width 0.508)
    (via_dia 0.8)
    (via_drill 0.4)
    (uvia_dia 0.3)
    (uvia_drill 0.1)
    (add_net GND)
    (add_net "Net-(C1-Pad1)")
    (add_net "Net-(C2-Pad2)")
    (add_net "Net-(C3-Pad1)")
    (add_net "Net-(D1-Pad1)")
    (add_net "Net-(D1-Pad2)")
    (add_net "Net-(J1-Pad1)")
    (add_net "Net-(J3-Pad1)")
    (add_net "Net-(J4-Pad2)")
    (add_net "Net-(J4-Pad3)")
    (add_net "Net-(J4-Pad5)")
    (add_net "Net-(J8-PadT)")
    (add_net "Net-(R1-Pad2)")
    (add_net "Net-(R2-Pad1)")
  )

  (module Resistor_SMD:R_1206_3216Metric_Pad1.42x1.75mm_HandSolder (layer F.Cu) (tedit 5B301BBD) (tstamp 5C8EDB12)
    (at 54.6 120.7 90)
    (descr "Resistor SMD 1206 (3216 Metric), square (rectangular) end terminal, IPC_7351 nominal with elongated pad for handsoldering. (Body size source: http://www.tortai-tech.com/upload/download/2011102023233369053.pdf), generated with kicad-footprint-generator")
    (tags "resistor handsolder")
    (path /5C7FBCDE)
    (attr smd)
    (fp_text reference R3 (at 0 -1.82 90) (layer F.SilkS)
      (effects (font (size 1 1) (thickness 0.15)))
    )
    (fp_text value 10k (at 0 1.82 90) (layer F.Fab)
      (effects (font (size 1 1) (thickness 0.15)))
    )
    (fp_line (start -1.6 0.8) (end -1.6 -0.8) (layer F.Fab) (width 0.1))
    (fp_line (start -1.6 -0.8) (end 1.6 -0.8) (layer F.Fab) (width 0.1))
    (fp_line (start 1.6 -0.8) (end 1.6 0.8) (layer F.Fab) (width 0.1))
    (fp_line (start 1.6 0.8) (end -1.6 0.8) (layer F.Fab) (width 0.1))
    (fp_line (start -0.602064 -0.91) (end 0.602064 -0.91) (layer F.SilkS) (width 0.12))
    (fp_line (start -0.602064 0.91) (end 0.602064 0.91) (layer F.SilkS) (width 0.12))
    (fp_line (start -2.45 1.12) (end -2.45 -1.12) (layer F.CrtYd) (width 0.05))
    (fp_line (start -2.45 -1.12) (end 2.45 -1.12) (layer F.CrtYd) (width 0.05))
    (fp_line (start 2.45 -1.12) (end 2.45 1.12) (layer F.CrtYd) (width 0.05))
    (fp_line (start 2.45 1.12) (end -2.45 1.12) (layer F.CrtYd) (width 0.05))
    (fp_text user %R (at 0 0 90) (layer F.Fab)
      (effects (font (size 0.8 0.8) (thickness 0.12)))
    )
    (pad 1 smd roundrect (at -1.4875 0 90) (size 1.425 1.75) (layers F.Cu F.Paste F.Mask) (roundrect_rratio 0.175439)
      (net 14 "Net-(J8-PadT)"))
    (pad 2 smd roundrect (at 1.4875 0 90) (size 1.425 1.75) (layers F.Cu F.Paste F.Mask) (roundrect_rratio 0.175439)
      (net 3 "Net-(C3-Pad1)"))
    (model ${KISYS3DMOD}/Resistor_SMD.3dshapes/R_1206_3216Metric.wrl
      (at (xyz 0 0 0))
      (scale (xyz 1 1 1))
      (rotate (xyz 0 0 0))
    )
  )

  (module Capacitor_SMD:C_1206_3216Metric_Pad1.42x1.75mm_HandSolder (layer F.Cu) (tedit 5B301BBE) (tstamp 5C8ED9E0)
    (at 60.4 68.5 180)
    (descr "Capacitor SMD 1206 (3216 Metric), square (rectangular) end terminal, IPC_7351 nominal with elongated pad for handsoldering. (Body size source: http://www.tortai-tech.com/upload/download/2011102023233369053.pdf), generated with kicad-footprint-generator")
    (tags "capacitor handsolder")
    (path /5C7FBF29)
    (attr smd)
    (fp_text reference C1 (at 0 -1.82 180) (layer F.SilkS)
      (effects (font (size 1 1) (thickness 0.15)))
    )
    (fp_text value 0.1uF (at 0 1.82 180) (layer F.Fab)
      (effects (font (size 1 1) (thickness 0.15)))
    )
    (fp_line (start -1.6 0.8) (end -1.6 -0.8) (layer F.Fab) (width 0.1))
    (fp_line (start -1.6 -0.8) (end 1.6 -0.8) (layer F.Fab) (width 0.1))
    (fp_line (start 1.6 -0.8) (end 1.6 0.8) (layer F.Fab) (width 0.1))
    (fp_line (start 1.6 0.8) (end -1.6 0.8) (layer F.Fab) (width 0.1))
    (fp_line (start -0.602064 -0.91) (end 0.602064 -0.91) (layer F.SilkS) (width 0.12))
    (fp_line (start -0.602064 0.91) (end 0.602064 0.91) (layer F.SilkS) (width 0.12))
    (fp_line (start -2.45 1.12) (end -2.45 -1.12) (layer F.CrtYd) (width 0.05))
    (fp_line (start -2.45 -1.12) (end 2.45 -1.12) (layer F.CrtYd) (width 0.05))
    (fp_line (start 2.45 -1.12) (end 2.45 1.12) (layer F.CrtYd) (width 0.05))
    (fp_line (start 2.45 1.12) (end -2.45 1.12) (layer F.CrtYd) (width 0.05))
    (fp_text user %R (at 0 0 180) (layer F.Fab)
      (effects (font (size 0.8 0.8) (thickness 0.12)))
    )
    (pad 1 smd roundrect (at -1.4875 0 180) (size 1.425 1.75) (layers F.Cu F.Paste F.Mask) (roundrect_rratio 0.175439)
      (net 8 "Net-(C1-Pad1)"))
    (pad 2 smd roundrect (at 1.4875 0 180) (size 1.425 1.75) (layers F.Cu F.Paste F.Mask) (roundrect_rratio 0.175439)
      (net 1 GND))
    (model ${KISYS3DMOD}/Capacitor_SMD.3dshapes/C_1206_3216Metric.wrl
      (at (xyz 0 0 0))
      (scale (xyz 1 1 1))
      (rotate (xyz 0 0 0))
    )
  )

  (module Capacitor_SMD:C_1206_3216Metric_Pad1.42x1.75mm_HandSolder (layer F.Cu) (tedit 5B301BBE) (tstamp 5C8ED9F1)
    (at 48.9 114 180)
    (descr "Capacitor SMD 1206 (3216 Metric), square (rectangular) end terminal, IPC_7351 nominal with elongated pad for handsoldering. (Body size source: http://www.tortai-tech.com/upload/download/2011102023233369053.pdf), generated with kicad-footprint-generator")
    (tags "capacitor handsolder")
    (path /5C7FBE14)
    (attr smd)
    (fp_text reference C2 (at 0 -2 180) (layer F.SilkS)
      (effects (font (size 1 1) (thickness 0.15)))
    )
    (fp_text value 0.1uF (at 0 1.82 180) (layer F.Fab)
      (effects (font (size 1 1) (thickness 0.15)))
    )
    (fp_line (start -1.6 0.8) (end -1.6 -0.8) (layer F.Fab) (width 0.1))
    (fp_line (start -1.6 -0.8) (end 1.6 -0.8) (layer F.Fab) (width 0.1))
    (fp_line (start 1.6 -0.8) (end 1.6 0.8) (layer F.Fab) (width 0.1))
    (fp_line (start 1.6 0.8) (end -1.6 0.8) (layer F.Fab) (width 0.1))
    (fp_line (start -0.602064 -0.91) (end 0.602064 -0.91) (layer F.SilkS) (width 0.12))
    (fp_line (start -0.602064 0.91) (end 0.602064 0.91) (layer F.SilkS) (width 0.12))
    (fp_line (start -2.45 1.12) (end -2.45 -1.12) (layer F.CrtYd) (width 0.05))
    (fp_line (start -2.45 -1.12) (end 2.45 -1.12) (layer F.CrtYd) (width 0.05))
    (fp_line (start 2.45 -1.12) (end 2.45 1.12) (layer F.CrtYd) (width 0.05))
    (fp_line (start 2.45 1.12) (end -2.45 1.12) (layer F.CrtYd) (width 0.05))
    (fp_text user %R (at 0 0 180) (layer F.Fab)
      (effects (font (size 0.8 0.8) (thickness 0.12)))
    )
    (pad 1 smd roundrect (at -1.4875 0 180) (size 1.425 1.75) (layers F.Cu F.Paste F.Mask) (roundrect_rratio 0.175439)
      (net 1 GND))
    (pad 2 smd roundrect (at 1.4875 0 180) (size 1.425 1.75) (layers F.Cu F.Paste F.Mask) (roundrect_rratio 0.175439)
      (net 2 "Net-(C2-Pad2)"))
    (model ${KISYS3DMOD}/Capacitor_SMD.3dshapes/C_1206_3216Metric.wrl
      (at (xyz 0 0 0))
      (scale (xyz 1 1 1))
      (rotate (xyz 0 0 0))
    )
  )

  (module Capacitor_SMD:C_1206_3216Metric_Pad1.42x1.75mm_HandSolder (layer F.Cu) (tedit 5B301BBE) (tstamp 5C8EDA02)
    (at 48.9 104.2 180)
    (descr "Capacitor SMD 1206 (3216 Metric), square (rectangular) end terminal, IPC_7351 nominal with elongated pad for handsoldering. (Body size source: http://www.tortai-tech.com/upload/download/2011102023233369053.pdf), generated with kicad-footprint-generator")
    (tags "capacitor handsolder")
    (path /5C7FBF02)
    (attr smd)
    (fp_text reference C3 (at 0 -2 180) (layer F.SilkS)
      (effects (font (size 1 1) (thickness 0.15)))
    )
    (fp_text value 0.1uF (at 0 1.82 180) (layer F.Fab)
      (effects (font (size 1 1) (thickness 0.15)))
    )
    (fp_text user %R (at 0 0 180) (layer F.Fab)
      (effects (font (size 0.8 0.8) (thickness 0.12)))
    )
    (fp_line (start 2.45 1.12) (end -2.45 1.12) (layer F.CrtYd) (width 0.05))
    (fp_line (start 2.45 -1.12) (end 2.45 1.12) (layer F.CrtYd) (width 0.05))
    (fp_line (start -2.45 -1.12) (end 2.45 -1.12) (layer F.CrtYd) (width 0.05))
    (fp_line (start -2.45 1.12) (end -2.45 -1.12) (layer F.CrtYd) (width 0.05))
    (fp_line (start -0.602064 0.91) (end 0.602064 0.91) (layer F.SilkS) (width 0.12))
    (fp_line (start -0.602064 -0.91) (end 0.602064 -0.91) (layer F.SilkS) (width 0.12))
    (fp_line (start 1.6 0.8) (end -1.6 0.8) (layer F.Fab) (width 0.1))
    (fp_line (start 1.6 -0.8) (end 1.6 0.8) (layer F.Fab) (width 0.1))
    (fp_line (start -1.6 -0.8) (end 1.6 -0.8) (layer F.Fab) (width 0.1))
    (fp_line (start -1.6 0.8) (end -1.6 -0.8) (layer F.Fab) (width 0.1))
    (pad 2 smd roundrect (at 1.4875 0 180) (size 1.425 1.75) (layers F.Cu F.Paste F.Mask) (roundrect_rratio 0.175439)
      (net 1 GND))
    (pad 1 smd roundrect (at -1.4875 0 180) (size 1.425 1.75) (layers F.Cu F.Paste F.Mask) (roundrect_rratio 0.175439)
      (net 3 "Net-(C3-Pad1)"))
    (model ${KISYS3DMOD}/Capacitor_SMD.3dshapes/C_1206_3216Metric.wrl
      (at (xyz 0 0 0))
      (scale (xyz 1 1 1))
      (rotate (xyz 0 0 0))
    )
  )

  (module Resistor_SMD:R_1206_3216Metric_Pad1.42x1.75mm_HandSolder (layer F.Cu) (tedit 5B301BBD) (tstamp 5C8EDAF0)
    (at 48.9 109)
    (descr "Resistor SMD 1206 (3216 Metric), square (rectangular) end terminal, IPC_7351 nominal with elongated pad for handsoldering. (Body size source: http://www.tortai-tech.com/upload/download/2011102023233369053.pdf), generated with kicad-footprint-generator")
    (tags "resistor handsolder")
    (path /5C7FBD7C)
    (attr smd)
    (fp_text reference R1 (at 0 2) (layer F.SilkS)
      (effects (font (size 1 1) (thickness 0.15)))
    )
    (fp_text value 470 (at 0 1.82) (layer F.Fab)
      (effects (font (size 1 1) (thickness 0.15)))
    )
    (fp_text user %R (at 0 0) (layer F.Fab)
      (effects (font (size 0.8 0.8) (thickness 0.12)))
    )
    (fp_line (start 2.45 1.12) (end -2.45 1.12) (layer F.CrtYd) (width 0.05))
    (fp_line (start 2.45 -1.12) (end 2.45 1.12) (layer F.CrtYd) (width 0.05))
    (fp_line (start -2.45 -1.12) (end 2.45 -1.12) (layer F.CrtYd) (width 0.05))
    (fp_line (start -2.45 1.12) (end -2.45 -1.12) (layer F.CrtYd) (width 0.05))
    (fp_line (start -0.602064 0.91) (end 0.602064 0.91) (layer F.SilkS) (width 0.12))
    (fp_line (start -0.602064 -0.91) (end 0.602064 -0.91) (layer F.SilkS) (width 0.12))
    (fp_line (start 1.6 0.8) (end -1.6 0.8) (layer F.Fab) (width 0.1))
    (fp_line (start 1.6 -0.8) (end 1.6 0.8) (layer F.Fab) (width 0.1))
    (fp_line (start -1.6 -0.8) (end 1.6 -0.8) (layer F.Fab) (width 0.1))
    (fp_line (start -1.6 0.8) (end -1.6 -0.8) (layer F.Fab) (width 0.1))
    (pad 2 smd roundrect (at 1.4875 0) (size 1.425 1.75) (layers F.Cu F.Paste F.Mask) (roundrect_rratio 0.175439)
      (net 6 "Net-(R1-Pad2)"))
    (pad 1 smd roundrect (at -1.4875 0) (size 1.425 1.75) (layers F.Cu F.Paste F.Mask) (roundrect_rratio 0.175439)
      (net 2 "Net-(C2-Pad2)"))
    (model ${KISYS3DMOD}/Resistor_SMD.3dshapes/R_1206_3216Metric.wrl
      (at (xyz 0 0 0))
      (scale (xyz 1 1 1))
      (rotate (xyz 0 0 0))
    )
  )

  (module Resistor_SMD:R_1206_3216Metric_Pad1.42x1.75mm_HandSolder (layer F.Cu) (tedit 5B301BBD) (tstamp 5C8EDB01)
    (at 48.9 99.5)
    (descr "Resistor SMD 1206 (3216 Metric), square (rectangular) end terminal, IPC_7351 nominal with elongated pad for handsoldering. (Body size source: http://www.tortai-tech.com/upload/download/2011102023233369053.pdf), generated with kicad-footprint-generator")
    (tags "resistor handsolder")
    (path /5C7FBCF7)
    (attr smd)
    (fp_text reference R2 (at 0 2) (layer F.SilkS)
      (effects (font (size 1 1) (thickness 0.15)))
    )
    (fp_text value 10k (at 0 1.82) (layer F.Fab)
      (effects (font (size 1 1) (thickness 0.15)))
    )
    (fp_text user %R (at 0 0) (layer F.Fab)
      (effects (font (size 0.8 0.8) (thickness 0.12)))
    )
    (fp_line (start 2.45 1.12) (end -2.45 1.12) (layer F.CrtYd) (width 0.05))
    (fp_line (start 2.45 -1.12) (end 2.45 1.12) (layer F.CrtYd) (width 0.05))
    (fp_line (start -2.45 -1.12) (end 2.45 -1.12) (layer F.CrtYd) (width 0.05))
    (fp_line (start -2.45 1.12) (end -2.45 -1.12) (layer F.CrtYd) (width 0.05))
    (fp_line (start -0.602064 0.91) (end 0.602064 0.91) (layer F.SilkS) (width 0.12))
    (fp_line (start -0.602064 -0.91) (end 0.602064 -0.91) (layer F.SilkS) (width 0.12))
    (fp_line (start 1.6 0.8) (end -1.6 0.8) (layer F.Fab) (width 0.1))
    (fp_line (start 1.6 -0.8) (end 1.6 0.8) (layer F.Fab) (width 0.1))
    (fp_line (start -1.6 -0.8) (end 1.6 -0.8) (layer F.Fab) (width 0.1))
    (fp_line (start -1.6 0.8) (end -1.6 -0.8) (layer F.Fab) (width 0.1))
    (pad 2 smd roundrect (at 1.4875 0) (size 1.425 1.75) (layers F.Cu F.Paste F.Mask) (roundrect_rratio 0.175439)
      (net 3 "Net-(C3-Pad1)"))
    (pad 1 smd roundrect (at -1.4875 0) (size 1.425 1.75) (layers F.Cu F.Paste F.Mask) (roundrect_rratio 0.175439)
      (net 7 "Net-(R2-Pad1)"))
    (model ${KISYS3DMOD}/Resistor_SMD.3dshapes/R_1206_3216Metric.wrl
      (at (xyz 0 0 0))
      (scale (xyz 1 1 1))
      (rotate (xyz 0 0 0))
    )
  )

  (module Resistor_SMD:R_1206_3216Metric_Pad1.42x1.75mm_HandSolder (layer F.Cu) (tedit 5B301BBD) (tstamp 5C8EDB23)
    (at 63.4 97.2)
    (descr "Resistor SMD 1206 (3216 Metric), square (rectangular) end terminal, IPC_7351 nominal with elongated pad for handsoldering. (Body size source: http://www.tortai-tech.com/upload/download/2011102023233369053.pdf), generated with kicad-footprint-generator")
    (tags "resistor handsolder")
    (path /5C7FBBD9)
    (attr smd)
    (fp_text reference R4 (at 0 -1.82) (layer F.SilkS)
      (effects (font (size 1 1) (thickness 0.15)))
    )
    (fp_text value 1M (at 0 1.82) (layer F.Fab)
      (effects (font (size 1 1) (thickness 0.15)))
    )
    (fp_line (start -1.6 0.8) (end -1.6 -0.8) (layer F.Fab) (width 0.1))
    (fp_line (start -1.6 -0.8) (end 1.6 -0.8) (layer F.Fab) (width 0.1))
    (fp_line (start 1.6 -0.8) (end 1.6 0.8) (layer F.Fab) (width 0.1))
    (fp_line (start 1.6 0.8) (end -1.6 0.8) (layer F.Fab) (width 0.1))
    (fp_line (start -0.602064 -0.91) (end 0.602064 -0.91) (layer F.SilkS) (width 0.12))
    (fp_line (start -0.602064 0.91) (end 0.602064 0.91) (layer F.SilkS) (width 0.12))
    (fp_line (start -2.45 1.12) (end -2.45 -1.12) (layer F.CrtYd) (width 0.05))
    (fp_line (start -2.45 -1.12) (end 2.45 -1.12) (layer F.CrtYd) (width 0.05))
    (fp_line (start 2.45 -1.12) (end 2.45 1.12) (layer F.CrtYd) (width 0.05))
    (fp_line (start 2.45 1.12) (end -2.45 1.12) (layer F.CrtYd) (width 0.05))
    (fp_text user %R (at 0 0) (layer F.Fab)
      (effects (font (size 0.8 0.8) (thickness 0.12)))
    )
    (pad 1 smd roundrect (at -1.4875 0) (size 1.425 1.75) (layers F.Cu F.Paste F.Mask) (roundrect_rratio 0.175439)
      (net 8 "Net-(C1-Pad1)"))
    (pad 2 smd roundrect (at 1.4875 0) (size 1.425 1.75) (layers F.Cu F.Paste F.Mask) (roundrect_rratio 0.175439)
      (net 11 "Net-(J4-Pad2)"))
    (model ${KISYS3DMOD}/Resistor_SMD.3dshapes/R_1206_3216Metric.wrl
      (at (xyz 0 0 0))
      (scale (xyz 1 1 1))
      (rotate (xyz 0 0 0))
    )
  )

  (module Resistor_SMD:R_1206_3216Metric_Pad1.42x1.75mm_HandSolder (layer F.Cu) (tedit 5B301BBD) (tstamp 5C8EDB34)
    (at 52 67.2 90)
    (descr "Resistor SMD 1206 (3216 Metric), square (rectangular) end terminal, IPC_7351 nominal with elongated pad for handsoldering. (Body size source: http://www.tortai-tech.com/upload/download/2011102023233369053.pdf), generated with kicad-footprint-generator")
    (tags "resistor handsolder")
    (path /5C7FBD35)
    (attr smd)
    (fp_text reference R5 (at 0 -1.82 90) (layer F.SilkS)
      (effects (font (size 1 1) (thickness 0.15)))
    )
    (fp_text value 750 (at 0 1.82 90) (layer F.Fab)
      (effects (font (size 1 1) (thickness 0.15)))
    )
    (fp_line (start -1.6 0.8) (end -1.6 -0.8) (layer F.Fab) (width 0.1))
    (fp_line (start -1.6 -0.8) (end 1.6 -0.8) (layer F.Fab) (width 0.1))
    (fp_line (start 1.6 -0.8) (end 1.6 0.8) (layer F.Fab) (width 0.1))
    (fp_line (start 1.6 0.8) (end -1.6 0.8) (layer F.Fab) (width 0.1))
    (fp_line (start -0.602064 -0.91) (end 0.602064 -0.91) (layer F.SilkS) (width 0.12))
    (fp_line (start -0.602064 0.91) (end 0.602064 0.91) (layer F.SilkS) (width 0.12))
    (fp_line (start -2.45 1.12) (end -2.45 -1.12) (layer F.CrtYd) (width 0.05))
    (fp_line (start -2.45 -1.12) (end 2.45 -1.12) (layer F.CrtYd) (width 0.05))
    (fp_line (start 2.45 -1.12) (end 2.45 1.12) (layer F.CrtYd) (width 0.05))
    (fp_line (start 2.45 1.12) (end -2.45 1.12) (layer F.CrtYd) (width 0.05))
    (fp_text user %R (at 0 0 90) (layer F.Fab)
      (effects (font (size 0.8 0.8) (thickness 0.12)))
    )
    (pad 1 smd roundrect (at -1.4875 0 90) (size 1.425 1.75) (layers F.Cu F.Paste F.Mask) (roundrect_rratio 0.175439)
      (net 1 GND))
    (pad 2 smd roundrect (at 1.4875 0 90) (size 1.425 1.75) (layers F.Cu F.Paste F.Mask) (roundrect_rratio 0.175439)
      (net 4 "Net-(D1-Pad1)"))
    (model ${KISYS3DMOD}/Resistor_SMD.3dshapes/R_1206_3216Metric.wrl
      (at (xyz 0 0 0))
      (scale (xyz 1 1 1))
      (rotate (xyz 0 0 0))
    )
  )

  (module Resistor_SMD:R_1206_3216Metric_Pad1.42x1.75mm_HandSolder (layer F.Cu) (tedit 5B301BBD) (tstamp 5C8EDB45)
    (at 67 68.5 180)
    (descr "Resistor SMD 1206 (3216 Metric), square (rectangular) end terminal, IPC_7351 nominal with elongated pad for handsoldering. (Body size source: http://www.tortai-tech.com/upload/download/2011102023233369053.pdf), generated with kicad-footprint-generator")
    (tags "resistor handsolder")
    (path /5C7FBC6F)
    (attr smd)
    (fp_text reference R6 (at 0 -1.82 180) (layer F.SilkS)
      (effects (font (size 1 1) (thickness 0.15)))
    )
    (fp_text value 10k (at 0 1.82 180) (layer F.Fab)
      (effects (font (size 1 1) (thickness 0.15)))
    )
    (fp_text user %R (at 0 0 180) (layer F.Fab)
      (effects (font (size 0.8 0.8) (thickness 0.12)))
    )
    (fp_line (start 2.45 1.12) (end -2.45 1.12) (layer F.CrtYd) (width 0.05))
    (fp_line (start 2.45 -1.12) (end 2.45 1.12) (layer F.CrtYd) (width 0.05))
    (fp_line (start -2.45 -1.12) (end 2.45 -1.12) (layer F.CrtYd) (width 0.05))
    (fp_line (start -2.45 1.12) (end -2.45 -1.12) (layer F.CrtYd) (width 0.05))
    (fp_line (start -0.602064 0.91) (end 0.602064 0.91) (layer F.SilkS) (width 0.12))
    (fp_line (start -0.602064 -0.91) (end 0.602064 -0.91) (layer F.SilkS) (width 0.12))
    (fp_line (start 1.6 0.8) (end -1.6 0.8) (layer F.Fab) (width 0.1))
    (fp_line (start 1.6 -0.8) (end 1.6 0.8) (layer F.Fab) (width 0.1))
    (fp_line (start -1.6 -0.8) (end 1.6 -0.8) (layer F.Fab) (width 0.1))
    (fp_line (start -1.6 0.8) (end -1.6 -0.8) (layer F.Fab) (width 0.1))
    (pad 2 smd roundrect (at 1.4875 0 180) (size 1.425 1.75) (layers F.Cu F.Paste F.Mask) (roundrect_rratio 0.175439)
      (net 12 "Net-(J4-Pad3)"))
    (pad 1 smd roundrect (at -1.4875 0 180) (size 1.425 1.75) (layers F.Cu F.Paste F.Mask) (roundrect_rratio 0.175439)
      (net 1 GND))
    (model ${KISYS3DMOD}/Resistor_SMD.3dshapes/R_1206_3216Metric.wrl
      (at (xyz 0 0 0))
      (scale (xyz 1 1 1))
      (rotate (xyz 0 0 0))
    )
  )

  (module Potentiometer_THT:Potentiometer_Alps_RK09K_Single_Vertical (layer F.Cu) (tedit 5A3D4993) (tstamp 5C8EDB61)
    (at 60.6 85.2 90)
    (descr "Potentiometer, vertical, Alps RK09K Single, http://www.alps.com/prod/info/E/HTML/Potentiometer/RotaryPotentiometers/RK09K/RK09K_list.html")
    (tags "Potentiometer vertical Alps RK09K Single")
    (path /5C7FE066)
    (fp_text reference RV1 (at 6.05 -10.15 90) (layer F.SilkS)
      (effects (font (size 1 1) (thickness 0.15)))
    )
    (fp_text value 10k (at 6.05 5.15 90) (layer F.Fab)
      (effects (font (size 1 1) (thickness 0.15)))
    )
    (fp_circle (center 7.5 -2.5) (end 10.5 -2.5) (layer F.Fab) (width 0.1))
    (fp_line (start 1 -7.4) (end 1 2.4) (layer F.Fab) (width 0.1))
    (fp_line (start 1 2.4) (end 13 2.4) (layer F.Fab) (width 0.1))
    (fp_line (start 13 2.4) (end 13 -7.4) (layer F.Fab) (width 0.1))
    (fp_line (start 13 -7.4) (end 1 -7.4) (layer F.Fab) (width 0.1))
    (fp_line (start 0.88 -7.521) (end 4.817 -7.521) (layer F.SilkS) (width 0.12))
    (fp_line (start 9.184 -7.521) (end 13.12 -7.521) (layer F.SilkS) (width 0.12))
    (fp_line (start 0.88 2.52) (end 4.817 2.52) (layer F.SilkS) (width 0.12))
    (fp_line (start 9.184 2.52) (end 13.12 2.52) (layer F.SilkS) (width 0.12))
    (fp_line (start 0.88 -7.521) (end 0.88 -5.871) (layer F.SilkS) (width 0.12))
    (fp_line (start 0.88 -4.129) (end 0.88 -3.37) (layer F.SilkS) (width 0.12))
    (fp_line (start 0.88 -1.629) (end 0.88 -0.87) (layer F.SilkS) (width 0.12))
    (fp_line (start 0.88 0.87) (end 0.88 2.52) (layer F.SilkS) (width 0.12))
    (fp_line (start 13.12 -7.521) (end 13.12 2.52) (layer F.SilkS) (width 0.12))
    (fp_line (start -1.15 -9.15) (end -1.15 4.15) (layer F.CrtYd) (width 0.05))
    (fp_line (start -1.15 4.15) (end 13.25 4.15) (layer F.CrtYd) (width 0.05))
    (fp_line (start 13.25 4.15) (end 13.25 -9.15) (layer F.CrtYd) (width 0.05))
    (fp_line (start 13.25 -9.15) (end -1.15 -9.15) (layer F.CrtYd) (width 0.05))
    (fp_text user %R (at 2 -2.5 180) (layer F.Fab)
      (effects (font (size 1 1) (thickness 0.15)))
    )
    (pad 3 thru_hole circle (at 0 -5 90) (size 1.8 1.8) (drill 1) (layers *.Cu *.Mask)
      (net 8 "Net-(C1-Pad1)"))
    (pad 2 thru_hole circle (at 0 -2.5 90) (size 1.8 1.8) (drill 1) (layers *.Cu *.Mask)
      (net 7 "Net-(R2-Pad1)"))
    (pad 1 thru_hole circle (at 0 0 90) (size 1.8 1.8) (drill 1) (layers *.Cu *.Mask)
      (net 1 GND))
    (pad "" np_thru_hole circle (at 7 -6.9 90) (size 4 4) (drill 2) (layers *.Cu *.Mask))
    (pad "" np_thru_hole circle (at 7 1.9 90) (size 4 4) (drill 2) (layers *.Cu *.Mask))
    (model ${KISYS3DMOD}/Potentiometer_THT.3dshapes/Potentiometer_Alps_RK09K_Single_Vertical.wrl
      (at (xyz 0 0 0))
      (scale (xyz 1 1 1))
      (rotate (xyz 0 0 0))
    )
  )

  (module Package_DIP:DIP-8_W7.62mm_LongPads (layer F.Cu) (tedit 5A02E8C5) (tstamp 5C9F1DEA)
    (at 54.3 101.4)
    (descr "8-lead though-hole mounted DIP package, row spacing 7.62 mm (300 mils), LongPads")
    (tags "THT DIP DIL PDIP 2.54mm 7.62mm 300mil LongPads")
    (path /5C7FCC28)
    (fp_text reference U1 (at 3.81 -2.33) (layer F.SilkS)
      (effects (font (size 1 1) (thickness 0.15)))
    )
    (fp_text value ATtiny85V-10SU (at 3.81 9.95) (layer F.Fab)
      (effects (font (size 1 1) (thickness 0.15)))
    )
    (fp_arc (start 3.81 -1.33) (end 2.81 -1.33) (angle -180) (layer F.SilkS) (width 0.12))
    (fp_line (start 1.635 -1.27) (end 6.985 -1.27) (layer F.Fab) (width 0.1))
    (fp_line (start 6.985 -1.27) (end 6.985 8.89) (layer F.Fab) (width 0.1))
    (fp_line (start 6.985 8.89) (end 0.635 8.89) (layer F.Fab) (width 0.1))
    (fp_line (start 0.635 8.89) (end 0.635 -0.27) (layer F.Fab) (width 0.1))
    (fp_line (start 0.635 -0.27) (end 1.635 -1.27) (layer F.Fab) (width 0.1))
    (fp_line (start 2.81 -1.33) (end 1.56 -1.33) (layer F.SilkS) (width 0.12))
    (fp_line (start 1.56 -1.33) (end 1.56 8.95) (layer F.SilkS) (width 0.12))
    (fp_line (start 1.56 8.95) (end 6.06 8.95) (layer F.SilkS) (width 0.12))
    (fp_line (start 6.06 8.95) (end 6.06 -1.33) (layer F.SilkS) (width 0.12))
    (fp_line (start 6.06 -1.33) (end 4.81 -1.33) (layer F.SilkS) (width 0.12))
    (fp_line (start -1.45 -1.55) (end -1.45 9.15) (layer F.CrtYd) (width 0.05))
    (fp_line (start -1.45 9.15) (end 9.1 9.15) (layer F.CrtYd) (width 0.05))
    (fp_line (start 9.1 9.15) (end 9.1 -1.55) (layer F.CrtYd) (width 0.05))
    (fp_line (start 9.1 -1.55) (end -1.45 -1.55) (layer F.CrtYd) (width 0.05))
    (fp_text user %R (at 3.81 3.81) (layer F.Fab)
      (effects (font (size 1 1) (thickness 0.15)))
    )
    (pad 1 thru_hole rect (at 0 0) (size 2.4 1.6) (drill 0.8) (layers *.Cu *.Mask)
      (net 13 "Net-(J4-Pad5)"))
    (pad 5 thru_hole oval (at 7.62 7.62) (size 2.4 1.6) (drill 0.8) (layers *.Cu *.Mask)
      (net 5 "Net-(D1-Pad2)"))
    (pad 2 thru_hole oval (at 0 2.54) (size 2.4 1.6) (drill 0.8) (layers *.Cu *.Mask)
      (net 3 "Net-(C3-Pad1)"))
    (pad 6 thru_hole oval (at 7.62 5.08) (size 2.4 1.6) (drill 0.8) (layers *.Cu *.Mask)
      (net 12 "Net-(J4-Pad3)"))
    (pad 3 thru_hole oval (at 0 5.08) (size 2.4 1.6) (drill 0.8) (layers *.Cu *.Mask)
      (net 6 "Net-(R1-Pad2)"))
    (pad 7 thru_hole oval (at 7.62 2.54) (size 2.4 1.6) (drill 0.8) (layers *.Cu *.Mask)
      (net 11 "Net-(J4-Pad2)"))
    (pad 4 thru_hole oval (at 0 7.62) (size 2.4 1.6) (drill 0.8) (layers *.Cu *.Mask)
      (net 1 GND))
    (pad 8 thru_hole oval (at 7.62 0) (size 2.4 1.6) (drill 0.8) (layers *.Cu *.Mask)
      (net 8 "Net-(C1-Pad1)"))
    (model ${KISYS3DMOD}/Package_DIP.3dshapes/DIP-8_W7.62mm.wrl
      (at (xyz 0 0 0))
      (scale (xyz 1 1 1))
      (rotate (xyz 0 0 0))
    )
  )

  (module Custom:AUDIO-JACK-3.5mm_SMD_noHole (layer F.Cu) (tedit 5C0EF702) (tstamp 5CC42613)
    (at 45.2 151)
    (path /5C804B03)
    (attr smd)
    (fp_text reference J5 (at 5.08 -1.27) (layer Dwgs.User)
      (effects (font (size 1.524 1.524) (thickness 0.15)))
    )
    (fp_text value AudioJack2 (at 6.35 1.27) (layer Dwgs.User)
      (effects (font (size 1 1) (thickness 0.15)))
    )
    (fp_line (start 0.49784 3.29946) (end 10.49782 3.29946) (layer F.SilkS) (width 0.254))
    (fp_line (start 12.19962 -3.29946) (end 12.19962 3.29946) (layer F.SilkS) (width 0.254))
    (fp_line (start 12.19962 -3.29946) (end 10.9982 -3.29946) (layer F.SilkS) (width 0.254))
    (fp_line (start 0.49784 -3.29946) (end 0 -3.29946) (layer F.SilkS) (width 0.254))
    (fp_line (start 0 -3.29946) (end 0 -2.79908) (layer F.SilkS) (width 0.254))
    (fp_line (start 0 -2.79908) (end 0 2.79908) (layer F.SilkS) (width 0.254))
    (fp_line (start 0 2.79908) (end 0 3.29946) (layer F.SilkS) (width 0.254))
    (fp_line (start 0 3.29946) (end 0.49784 3.29946) (layer F.SilkS) (width 0.254))
    (fp_line (start 0 -2.79908) (end -1.99898 -2.79908) (layer F.SilkS) (width 0.254))
    (fp_line (start -1.99898 -2.79908) (end -1.99898 2.79908) (layer F.SilkS) (width 0.254))
    (fp_line (start -1.99898 2.79908) (end 0 2.79908) (layer F.SilkS) (width 0.254))
    (fp_line (start 6.9977 -3.29946) (end 9.398 -3.29946) (layer F.SilkS) (width 0.254))
    (fp_line (start 3.99796 -3.29946) (end 5.3975 -3.29946) (layer F.SilkS) (width 0.254))
    (fp_line (start 0.49784 -3.29946) (end 2.39776 -3.29946) (layer F.SilkS) (width 0.254))
    (pad 1 smd rect (at 2.54 -3.81) (size 1.19888 2.49936) (layers F.Cu F.Paste F.Mask))
    (pad 3 smd rect (at 6.35 -3.81) (size 1.19888 2.49936) (layers F.Cu F.Paste F.Mask))
    (pad 2 smd rect (at 10.16 -3.81) (size 1.19888 2.49936) (layers F.Cu F.Paste F.Mask))
    (pad R smd rect (at 6.35 3.81) (size 1.19888 2.49936) (layers F.Cu F.Paste F.Mask))
    (pad S smd rect (at 2.54 3.81) (size 1.19888 2.49936) (layers F.Cu F.Paste F.Mask)
      (net 1 GND))
    (pad T smd rect (at 10.16 3.81) (size 1.19888 2.49936) (layers F.Cu F.Paste F.Mask)
      (net 2 "Net-(C2-Pad2)"))
  )

  (module Custom:AUDIO-JACK-3.5mm_SMD_noHole (layer F.Cu) (tedit 5C0EF702) (tstamp 5CC4262A)
    (at 71 151 180)
    (path /5C804CF7)
    (attr smd)
    (fp_text reference J6 (at 5.08 -1.27 180) (layer Dwgs.User)
      (effects (font (size 1.524 1.524) (thickness 0.15)))
    )
    (fp_text value AudioJack2 (at 6.35 1.27 180) (layer Dwgs.User)
      (effects (font (size 1 1) (thickness 0.15)))
    )
    (fp_line (start 0.49784 -3.29946) (end 2.39776 -3.29946) (layer F.SilkS) (width 0.254))
    (fp_line (start 3.99796 -3.29946) (end 5.3975 -3.29946) (layer F.SilkS) (width 0.254))
    (fp_line (start 6.9977 -3.29946) (end 9.398 -3.29946) (layer F.SilkS) (width 0.254))
    (fp_line (start -1.99898 2.79908) (end 0 2.79908) (layer F.SilkS) (width 0.254))
    (fp_line (start -1.99898 -2.79908) (end -1.99898 2.79908) (layer F.SilkS) (width 0.254))
    (fp_line (start 0 -2.79908) (end -1.99898 -2.79908) (layer F.SilkS) (width 0.254))
    (fp_line (start 0 3.29946) (end 0.49784 3.29946) (layer F.SilkS) (width 0.254))
    (fp_line (start 0 2.79908) (end 0 3.29946) (layer F.SilkS) (width 0.254))
    (fp_line (start 0 -2.79908) (end 0 2.79908) (layer F.SilkS) (width 0.254))
    (fp_line (start 0 -3.29946) (end 0 -2.79908) (layer F.SilkS) (width 0.254))
    (fp_line (start 0.49784 -3.29946) (end 0 -3.29946) (layer F.SilkS) (width 0.254))
    (fp_line (start 12.19962 -3.29946) (end 10.9982 -3.29946) (layer F.SilkS) (width 0.254))
    (fp_line (start 12.19962 -3.29946) (end 12.19962 3.29946) (layer F.SilkS) (width 0.254))
    (fp_line (start 0.49784 3.29946) (end 10.49782 3.29946) (layer F.SilkS) (width 0.254))
    (pad T smd rect (at 10.16 3.81 180) (size 1.19888 2.49936) (layers F.Cu F.Paste F.Mask)
      (net 2 "Net-(C2-Pad2)"))
    (pad S smd rect (at 2.54 3.81 180) (size 1.19888 2.49936) (layers F.Cu F.Paste F.Mask)
      (net 1 GND))
    (pad R smd rect (at 6.35 3.81 180) (size 1.19888 2.49936) (layers F.Cu F.Paste F.Mask))
    (pad 2 smd rect (at 10.16 -3.81 180) (size 1.19888 2.49936) (layers F.Cu F.Paste F.Mask))
    (pad 3 smd rect (at 6.35 -3.81 180) (size 1.19888 2.49936) (layers F.Cu F.Paste F.Mask))
    (pad 1 smd rect (at 2.54 -3.81 180) (size 1.19888 2.49936) (layers F.Cu F.Paste F.Mask))
  )

  (module Custom:AUDIO-JACK-3.5mm_SMD_noHole (layer F.Cu) (tedit 5CB5DE18) (tstamp 5CC426B9)
    (at 71 137 180)
    (path /5C804D65)
    (attr smd)
    (fp_text reference J7 (at 5.08 -1.27 180) (layer Dwgs.User)
      (effects (font (size 1.524 1.524) (thickness 0.15)))
    )
    (fp_text value AudioJack2 (at 6.35 1.27 180) (layer Dwgs.User)
      (effects (font (size 1 1) (thickness 0.15)))
    )
    (fp_line (start 0.49784 -3.29946) (end 2.39776 -3.29946) (layer F.SilkS) (width 0.254))
    (fp_line (start 3.99796 -3.29946) (end 5.3975 -3.29946) (layer F.SilkS) (width 0.254))
    (fp_line (start 6.9977 -3.29946) (end 9.398 -3.29946) (layer F.SilkS) (width 0.254))
    (fp_line (start -1.99898 2.79908) (end 0 2.79908) (layer F.SilkS) (width 0.254))
    (fp_line (start -1.99898 -2.79908) (end -1.99898 2.79908) (layer F.SilkS) (width 0.254))
    (fp_line (start 0 -2.79908) (end -1.99898 -2.79908) (layer F.SilkS) (width 0.254))
    (fp_line (start 0 3.29946) (end 0.49784 3.29946) (layer F.SilkS) (width 0.254))
    (fp_line (start 0 2.79908) (end 0 3.29946) (layer F.SilkS) (width 0.254))
    (fp_line (start 0 -2.79908) (end 0 2.79908) (layer F.SilkS) (width 0.254))
    (fp_line (start 0 -3.29946) (end 0 -2.79908) (layer F.SilkS) (width 0.254))
    (fp_line (start 0.49784 -3.29946) (end 0 -3.29946) (layer F.SilkS) (width 0.254))
    (fp_line (start 12.19962 -3.29946) (end 10.9982 -3.29946) (layer F.SilkS) (width 0.254))
    (fp_line (start 12.19962 -3.29946) (end 12.19962 3.29946) (layer F.SilkS) (width 0.254))
    (fp_line (start 0.49784 3.29946) (end 10.49782 3.29946) (layer F.SilkS) (width 0.254))
    (pad T smd rect (at 10.16 3.81 180) (size 1.19888 2.49936) (layers F.Cu F.Paste F.Mask)
      (net 11 "Net-(J4-Pad2)"))
    (pad S smd rect (at 2.54 3.81 180) (size 1.19888 2.49936) (layers F.Cu F.Paste F.Mask)
      (net 1 GND))
    (pad R smd rect (at 6.35 3.81 180) (size 1.19888 2.49936) (layers F.Cu F.Paste F.Mask))
    (pad 2 smd rect (at 10.16 -3.81 180) (size 1.19888 2.49936) (layers F.Cu F.Paste F.Mask))
    (pad 3 smd rect (at 6.35 -3.81 180) (size 1.19888 2.49936) (layers F.Cu F.Paste F.Mask))
    (pad 1 smd rect (at 2.54 -3.81 180) (size 1.19888 2.49936) (layers F.Cu F.Paste F.Mask))
  )

  (module Custom:AUDIO-JACK-3.5mm_SMD_noHole (layer F.Cu) (tedit 5C0EF702) (tstamp 5CC426D0)
    (at 45.2 137)
    (path /5C804D2E)
    (attr smd)
    (fp_text reference J8 (at 5.08 -1.27) (layer Dwgs.User)
      (effects (font (size 1.524 1.524) (thickness 0.15)))
    )
    (fp_text value AudioJack2 (at 6.35 1.27) (layer Dwgs.User)
      (effects (font (size 1 1) (thickness 0.15)))
    )
    (fp_line (start 0.49784 3.29946) (end 10.49782 3.29946) (layer F.SilkS) (width 0.254))
    (fp_line (start 12.19962 -3.29946) (end 12.19962 3.29946) (layer F.SilkS) (width 0.254))
    (fp_line (start 12.19962 -3.29946) (end 10.9982 -3.29946) (layer F.SilkS) (width 0.254))
    (fp_line (start 0.49784 -3.29946) (end 0 -3.29946) (layer F.SilkS) (width 0.254))
    (fp_line (start 0 -3.29946) (end 0 -2.79908) (layer F.SilkS) (width 0.254))
    (fp_line (start 0 -2.79908) (end 0 2.79908) (layer F.SilkS) (width 0.254))
    (fp_line (start 0 2.79908) (end 0 3.29946) (layer F.SilkS) (width 0.254))
    (fp_line (start 0 3.29946) (end 0.49784 3.29946) (layer F.SilkS) (width 0.254))
    (fp_line (start 0 -2.79908) (end -1.99898 -2.79908) (layer F.SilkS) (width 0.254))
    (fp_line (start -1.99898 -2.79908) (end -1.99898 2.79908) (layer F.SilkS) (width 0.254))
    (fp_line (start -1.99898 2.79908) (end 0 2.79908) (layer F.SilkS) (width 0.254))
    (fp_line (start 6.9977 -3.29946) (end 9.398 -3.29946) (layer F.SilkS) (width 0.254))
    (fp_line (start 3.99796 -3.29946) (end 5.3975 -3.29946) (layer F.SilkS) (width 0.254))
    (fp_line (start 0.49784 -3.29946) (end 2.39776 -3.29946) (layer F.SilkS) (width 0.254))
    (pad 1 smd rect (at 2.54 -3.81) (size 1.19888 2.49936) (layers F.Cu F.Paste F.Mask))
    (pad 3 smd rect (at 6.35 -3.81) (size 1.19888 2.49936) (layers F.Cu F.Paste F.Mask))
    (pad 2 smd rect (at 10.16 -3.81) (size 1.19888 2.49936) (layers F.Cu F.Paste F.Mask))
    (pad R smd rect (at 6.35 3.81) (size 1.19888 2.49936) (layers F.Cu F.Paste F.Mask))
    (pad S smd rect (at 2.54 3.81) (size 1.19888 2.49936) (layers F.Cu F.Paste F.Mask)
      (net 1 GND))
    (pad T smd rect (at 10.16 3.81) (size 1.19888 2.49936) (layers F.Cu F.Paste F.Mask)
      (net 14 "Net-(J8-PadT)"))
  )

  (module Connector_PinHeader_2.54mm:PinHeader_1x06_P2.54mm_Vertical (layer F.Cu) (tedit 59FED5CC) (tstamp 5C963DC6)
    (at 68.7 98.9)
    (descr "Through hole straight pin header, 1x06, 2.54mm pitch, single row")
    (tags "Through hole pin header THT 1x06 2.54mm single row")
    (path /5C7FE4B7)
    (fp_text reference J4 (at 0 -2.33) (layer F.SilkS)
      (effects (font (size 1 1) (thickness 0.15)))
    )
    (fp_text value Conn_01x06 (at 0 15.03) (layer F.Fab)
      (effects (font (size 1 1) (thickness 0.15)))
    )
    (fp_line (start -0.635 -1.27) (end 1.27 -1.27) (layer F.Fab) (width 0.1))
    (fp_line (start 1.27 -1.27) (end 1.27 13.97) (layer F.Fab) (width 0.1))
    (fp_line (start 1.27 13.97) (end -1.27 13.97) (layer F.Fab) (width 0.1))
    (fp_line (start -1.27 13.97) (end -1.27 -0.635) (layer F.Fab) (width 0.1))
    (fp_line (start -1.27 -0.635) (end -0.635 -1.27) (layer F.Fab) (width 0.1))
    (fp_line (start -1.33 14.03) (end 1.33 14.03) (layer F.SilkS) (width 0.12))
    (fp_line (start -1.33 1.27) (end -1.33 14.03) (layer F.SilkS) (width 0.12))
    (fp_line (start 1.33 1.27) (end 1.33 14.03) (layer F.SilkS) (width 0.12))
    (fp_line (start -1.33 1.27) (end 1.33 1.27) (layer F.SilkS) (width 0.12))
    (fp_line (start -1.33 0) (end -1.33 -1.33) (layer F.SilkS) (width 0.12))
    (fp_line (start -1.33 -1.33) (end 0 -1.33) (layer F.SilkS) (width 0.12))
    (fp_line (start -1.8 -1.8) (end -1.8 14.5) (layer F.CrtYd) (width 0.05))
    (fp_line (start -1.8 14.5) (end 1.8 14.5) (layer F.CrtYd) (width 0.05))
    (fp_line (start 1.8 14.5) (end 1.8 -1.8) (layer F.CrtYd) (width 0.05))
    (fp_line (start 1.8 -1.8) (end -1.8 -1.8) (layer F.CrtYd) (width 0.05))
    (fp_text user %R (at 0 6.35 90) (layer F.Fab)
      (effects (font (size 1 1) (thickness 0.15)))
    )
    (pad 1 thru_hole rect (at 0 0) (size 1.7 1.7) (drill 1) (layers *.Cu *.Mask)
      (net 1 GND))
    (pad 2 thru_hole oval (at 0 2.54) (size 1.7 1.7) (drill 1) (layers *.Cu *.Mask)
      (net 11 "Net-(J4-Pad2)"))
    (pad 3 thru_hole oval (at 0 5.08) (size 1.7 1.7) (drill 1) (layers *.Cu *.Mask)
      (net 12 "Net-(J4-Pad3)"))
    (pad 4 thru_hole oval (at 0 7.62) (size 1.7 1.7) (drill 1) (layers *.Cu *.Mask)
      (net 5 "Net-(D1-Pad2)"))
    (pad 5 thru_hole oval (at 0 10.16) (size 1.7 1.7) (drill 1) (layers *.Cu *.Mask)
      (net 13 "Net-(J4-Pad5)"))
    (pad 6 thru_hole oval (at 0 12.7) (size 1.7 1.7) (drill 1) (layers *.Cu *.Mask)
      (net 10 "Net-(J3-Pad1)"))
    (model ${KISYS3DMOD}/Connector_PinHeader_2.54mm.3dshapes/PinHeader_1x06_P2.54mm_Vertical.wrl
      (at (xyz 0 0 0))
      (scale (xyz 1 1 1))
      (rotate (xyz 0 0 0))
    )
  )

  (module Connector_Wire:SolderWirePad_1x01_Drill1mm (layer F.Cu) (tedit 5AEE5EBE) (tstamp 5CAF18A8)
    (at 50 90.5)
    (descr "Wire solder connection")
    (tags connector)
    (path /5C95FF26)
    (attr virtual)
    (fp_text reference J1 (at 0 -3.81) (layer F.SilkS)
      (effects (font (size 1 1) (thickness 0.15)))
    )
    (fp_text value Conn_01x01 (at 0 3.175) (layer F.Fab)
      (effects (font (size 1 1) (thickness 0.15)))
    )
    (fp_text user %R (at 0 0) (layer F.Fab)
      (effects (font (size 1 1) (thickness 0.15)))
    )
    (fp_line (start -1.75 -1.75) (end 1.75 -1.75) (layer F.CrtYd) (width 0.05))
    (fp_line (start -1.75 -1.75) (end -1.75 1.75) (layer F.CrtYd) (width 0.05))
    (fp_line (start 1.75 1.75) (end 1.75 -1.75) (layer F.CrtYd) (width 0.05))
    (fp_line (start 1.75 1.75) (end -1.75 1.75) (layer F.CrtYd) (width 0.05))
    (pad 1 thru_hole circle (at 0 0) (size 2.49936 2.49936) (drill 1.00076) (layers *.Cu *.Mask)
      (net 9 "Net-(J1-Pad1)"))
  )

  (module Connector_Wire:SolderWirePad_1x01_Drill1mm (layer F.Cu) (tedit 5AEE5EBE) (tstamp 5CAF18B2)
    (at 47.5 78.4)
    (descr "Wire solder connection")
    (tags connector)
    (path /5C964C28)
    (attr virtual)
    (fp_text reference J2 (at 0 -3.81) (layer F.SilkS)
      (effects (font (size 1 1) (thickness 0.15)))
    )
